 *************************************************************************************

Simple superlevel assignments for Carbon Monoxide, up to v= 10 and J= 75

 Data taken from Li et al., 2015.  Accessed 2021. URL: https://ui.adsabs.harvard.edu/abs/2015ApJS..216...15L/abstract

                      Level Name     g       E(cm^-1)    10^15 Hz   Lam(A)        SL
 *************************************************************************************

25-Sep-2021                                        !Date Created
836                                                !Number of energy levels
                                                 6 !Entry number of link to super level
 
Rovibration_vJ|0[0]                1.0         0.0000     3.38857    8.847E+02       1       0       1
Rovibration_vJ|0[1]                3.0         3.8450     3.38845    8.847E+02       1       0       2
Rovibration_vJ|0[2]                5.0        11.5350     3.38822    8.848E+02       1       0       3
Rovibration_vJ|0[3]                7.0        23.0695     3.38788    8.849E+02       1       0       4
Rovibration_vJ|0[4]                9.0        38.4481     3.38742    8.850E+02       1       0       5
Rovibration_vJ|0[5]               11.0        57.6704     3.38684    8.852E+02       1       0       6
Rovibration_vJ|0[6]               13.0        80.7354     3.38615    8.853E+02       1       0       7
Rovibration_vJ|0[7]               15.0       107.6424     3.38534    8.856E+02       1       0       8
Rovibration_vJ|0[8]               17.0       138.3903     3.38442    8.858E+02       1       0       9
Rovibration_vJ|0[9]               19.0       172.9780     3.38338    8.861E+02       1       0      10
Rovibration_vJ|0[10]              21.0       211.4041     3.38223    8.864E+02       1       0      11
Rovibration_vJ|0[11]              23.0       253.6672     3.38097    8.867E+02       1       0      12
Rovibration_vJ|0[12]              25.0       299.7655     3.37958    8.871E+02       1       0      13
Rovibration_vJ|0[13]              27.0       349.6975     3.37809    8.875E+02       1       0      14
Rovibration_vJ|0[14]              29.0       403.4611     3.37647    8.879E+02       1       0      15
Rovibration_vJ|0[15]              31.0       461.0544     3.37475    8.883E+02       1       0      16
Rovibration_vJ|0[16]              33.0       522.4751     3.37291    8.888E+02       1       0      17
Rovibration_vJ|0[17]              35.0       587.7208     3.37095    8.893E+02       1       0      18
Rovibration_vJ|0[18]              37.0       656.7891     3.36888    8.899E+02       1       0      19
Rovibration_vJ|0[19]              39.0       729.6774     3.36669    8.905E+02       1       0      20
Rovibration_vJ|0[20]              41.0       806.3827     3.36440    8.911E+02       1       0      21
Rovibration_vJ|0[21]              43.0       886.9023     3.36198    8.917E+02       1       0      22
Rovibration_vJ|0[22]              45.0       971.2331     3.35945    8.924E+02       1       0      23
Rovibration_vJ|0[23]              47.0      1059.3717     3.35681    8.931E+02       1       0      24
Rovibration_vJ|0[24]              49.0      1151.3149     3.35405    8.938E+02       1       0      25
Rovibration_vJ|0[25]              51.0      1247.0591     3.35118    8.946E+02       1       0      26
Rovibration_vJ|0[26]              53.0      1346.6007     3.34820    8.954E+02       1       0      27
Rovibration_vJ|0[27]              55.0      1449.9358     3.34510    8.962E+02       1       0      28
Rovibration_vJ|0[28]              57.0      1557.0605     3.34189    8.971E+02       1       0      29
Rovibration_vJ|0[29]              59.0      1667.9707     3.33857    8.980E+02       1       0      30
Rovibration_vJ|0[30]              61.0      1782.6622     3.33513    8.989E+02       1       0      31
Rovibration_vJ|0[31]              63.0      1901.1306     3.33158    8.999E+02       1       0      32
Rovibration_vJ|0[32]              65.0      2023.3713     3.32791    9.008E+02       1       0      33
Rovibration_vJ|1[0]                1.0      2143.2711     3.32432    9.018E+02       2       0      34
Rovibration_vJ|1[1]                3.0      2147.0811     3.32420    9.018E+02       2       0      35
Rovibration_vJ|0[33]              67.0      2149.3796     3.32413    9.019E+02       1       0      36
Rovibration_vJ|1[2]                5.0      2154.7010     3.32397    9.019E+02       2       0      37
Rovibration_vJ|1[3]                7.0      2166.1305     3.32363    9.020E+02       2       0      38
Rovibration_vJ|1[4]                9.0      2181.3692     3.32317    9.021E+02       2       0      39
Rovibration_vJ|1[5]               11.0      2200.4164     3.32260    9.023E+02       2       0      40
Rovibration_vJ|1[6]               13.0      2223.2714     3.32192    9.025E+02       2       0      41
Rovibration_vJ|1[7]               15.0      2249.9333     3.32112    9.027E+02       2       0      42
Rovibration_vJ|0[34]              69.0      2279.1508     3.32024    9.029E+02       1       0      43
Rovibration_vJ|1[8]               17.0      2280.4012     3.32021    9.029E+02       2       0      44
Rovibration_vJ|1[9]               19.0      2314.6738     3.31918    9.032E+02       2       0      45
Rovibration_vJ|1[10]              21.0      2352.7499     3.31804    9.035E+02       2       0      46
Rovibration_vJ|1[11]              23.0      2394.6278     3.31678    9.039E+02       2       0      47
Rovibration_vJ|0[35]              71.0      2412.6799     3.31624    9.040E+02       1       0      48
Rovibration_vJ|1[12]              25.0      2440.3061     3.31541    9.042E+02       2       0      49
Rovibration_vJ|1[13]              27.0      2489.7830     3.31393    9.046E+02       2       0      50
Rovibration_vJ|1[14]              29.0      2543.0566     3.31233    9.051E+02       2       0      51
Rovibration_vJ|0[36]              73.0      2549.9617     3.31212    9.051E+02       1       0      52
Rovibration_vJ|1[15]              31.0      2600.1247     3.31062    9.055E+02       2       0      53
Rovibration_vJ|1[16]              33.0      2660.9853     3.30880    9.060E+02       2       0      54
Rovibration_vJ|0[37]              75.0      2690.9910     3.30790    9.063E+02       1       0      55
Rovibration_vJ|1[17]              35.0      2725.6359     3.30686    9.066E+02       2       0      56
Rovibration_vJ|1[18]              37.0      2794.0741     3.30481    9.071E+02       2       0      57
Rovibration_vJ|0[38]              77.0      2835.7624     3.30356    9.075E+02       1       0      58
Rovibration_vJ|1[19]              39.0      2866.2973     3.30264    9.077E+02       2       0      59
Rovibration_vJ|1[20]              41.0      2942.3025     3.30036    9.084E+02       2       0      60
Rovibration_vJ|0[39]              79.0      2984.2703     3.29910    9.087E+02       1       0      61
Rovibration_vJ|1[21]              43.0      3022.0870     3.29797    9.090E+02       2       0      62
Rovibration_vJ|1[22]              45.0      3105.6476     3.29546    9.097E+02       2       0      63
Rovibration_vJ|0[40]              81.0      3136.5091     3.29454    9.100E+02       1       0      64
Rovibration_vJ|1[23]              47.0      3192.9811     3.29285    9.104E+02       2       0      65
Rovibration_vJ|1[24]              49.0      3284.0842     3.29012    9.112E+02       2       0      66
Rovibration_vJ|0[41]              83.0      3292.4730     3.28986    9.113E+02       1       0      67
Rovibration_vJ|1[25]              51.0      3378.9532     3.28727    9.120E+02       2       0      68
Rovibration_vJ|0[42]              85.0      3452.1559     3.28508    9.126E+02       1       0      69
Rovibration_vJ|1[26]              53.0      3477.5847     3.28431    9.128E+02       2       0      70
Rovibration_vJ|1[27]              55.0      3579.9746     3.28124    9.137E+02       2       0      71
Rovibration_vJ|0[43]              87.0      3615.5517     3.28018    9.140E+02       1       0      72
Rovibration_vJ|1[28]              57.0      3686.1192     3.27806    9.145E+02       2       0      73
Rovibration_vJ|0[44]              89.0      3782.6542     3.27517    9.153E+02       1       0      74
Rovibration_vJ|1[29]              59.0      3796.0143     3.27477    9.155E+02       2       0      75
Rovibration_vJ|1[30]              61.0      3909.6556     3.27136    9.164E+02       2       0      76
Rovibration_vJ|0[45]              91.0      3953.4570     3.27005    9.168E+02       1       0      77
Rovibration_vJ|1[31]              63.0      4027.0388     3.26784    9.174E+02       2       0      78
Rovibration_vJ|0[46]              93.0      4127.9534     3.26482    9.183E+02       1       0      79
Rovibration_vJ|1[32]              65.0      4148.1594     3.26421    9.184E+02       2       0      80
Rovibration_vJ|2[0]                1.0      4260.0622     3.26086    9.194E+02       3       0      81
Rovibration_vJ|2[1]                3.0      4263.8372     3.26074    9.194E+02       3       0      82
Rovibration_vJ|2[2]                5.0      4271.3871     3.26052    9.195E+02       3       0      83
Rovibration_vJ|1[33]              67.0      4273.0125     3.26047    9.195E+02       2       0      84
Rovibration_vJ|2[3]                7.0      4282.7116     3.26018    9.196E+02       3       0      85
Rovibration_vJ|2[4]                9.0      4297.8102     3.25972    9.197E+02       3       0      86
Rovibration_vJ|0[47]              95.0      4306.1369     3.25947    9.198E+02       1       0      87
Rovibration_vJ|2[5]               11.0      4316.6824     3.25916    9.198E+02       3       0      88
Rovibration_vJ|2[6]               13.0      4339.3274     3.25848    9.200E+02       3       0      89
Rovibration_vJ|2[7]               15.0      4365.7443     3.25769    9.203E+02       3       0      90
Rovibration_vJ|2[8]               17.0      4395.9321     3.25678    9.205E+02       3       0      91
Rovibration_vJ|1[34]              69.0      4401.5936     3.25661    9.206E+02       2       0      92
Rovibration_vJ|2[9]               19.0      4429.8897     3.25576    9.208E+02       3       0      93
Rovibration_vJ|2[10]              21.0      4467.6157     3.25463    9.211E+02       3       0      94
Rovibration_vJ|0[48]              97.0      4488.0006     3.25402    9.213E+02       1       0      95
Rovibration_vJ|2[11]              23.0      4509.1086     3.25339    9.215E+02       3       0      96
Rovibration_vJ|1[35]              71.0      4533.8974     3.25265    9.217E+02       2       0      97
Rovibration_vJ|2[12]              25.0      4554.3669     3.25203    9.219E+02       3       0      98
Rovibration_vJ|2[13]              27.0      4603.3887     3.25056    9.223E+02       3       0      99
Rovibration_vJ|2[14]              29.0      4656.1722     3.24898    9.227E+02       3       0     100
Rovibration_vJ|1[36]              73.0      4669.9191     3.24857    9.228E+02       2       0     101
Rovibration_vJ|0[49]              99.0      4673.5375     3.24846    9.229E+02       1       0     102
Rovibration_vJ|2[15]              31.0      4712.7153     3.24729    9.232E+02       3       0     103
Rovibration_vJ|2[16]              33.0      4773.0158     3.24548    9.237E+02       3       0     104
Rovibration_vJ|1[37]              75.0      4809.6532     3.24438    9.240E+02       2       0     105
Rovibration_vJ|2[17]              35.0      4837.0714     3.24356    9.243E+02       3       0     106
Rovibration_vJ|0[50]             101.0      4862.7405     3.24279    9.245E+02       1       0     107
Rovibration_vJ|2[18]              37.0      4904.8795     3.24152    9.249E+02       3       0     108
Rovibration_vJ|1[38]              77.0      4953.0944     3.24008    9.253E+02       2       0     109
Rovibration_vJ|2[19]              39.0      4976.4376     3.23938    9.255E+02       3       0     110
Rovibration_vJ|2[20]              41.0      5051.7427     3.23712    9.261E+02       3       0     111
Rovibration_vJ|0[51]             103.0      5055.6023     3.23701    9.261E+02       1       0     112
Rovibration_vJ|1[39]              79.0      5100.2372     3.23567    9.265E+02       2       0     113
Rovibration_vJ|2[21]              43.0      5130.7921     3.23475    9.268E+02       3       0     114
Rovibration_vJ|2[22]              45.0      5213.5827     3.23227    9.275E+02       3       0     115
Rovibration_vJ|1[40]              81.0      5251.0758     3.23115    9.278E+02       2       0     116
Rovibration_vJ|0[52]             105.0      5252.1155     3.23112    9.278E+02       1       0     117
Rovibration_vJ|2[23]              47.0      5300.1111     3.22968    9.282E+02       3       0     118
Rovibration_vJ|2[24]              49.0      5390.3740     3.22697    9.290E+02       3       0     119
Rovibration_vJ|1[41]              83.0      5405.6044     3.22651    9.292E+02       2       0     120
Rovibration_vJ|0[53]             107.0      5452.2726     3.22511    9.296E+02       1       0     121
Rovibration_vJ|2[25]              51.0      5484.3680     3.22415    9.298E+02       3       0     122
Rovibration_vJ|1[42]              85.0      5563.8171     3.22177    9.305E+02       2       0     123
Rovibration_vJ|2[26]              53.0      5582.0893     3.22122    9.307E+02       3       0     124
Rovibration_vJ|0[54]             109.0      5656.0659     3.21900    9.313E+02       1       0     125
Rovibration_vJ|2[27]              55.0      5683.5342     3.21818    9.316E+02       3       0     126
Rovibration_vJ|1[43]              87.0      5725.7077     3.21692    9.319E+02       2       0     127
Rovibration_vJ|2[28]              57.0      5788.6987     3.21503    9.325E+02       3       0     128
Rovibration_vJ|0[55]             111.0      5863.4876     3.21279    9.331E+02       1       0     129
Rovibration_vJ|1[44]              89.0      5891.2700     3.21195    9.334E+02       2       0     130
Rovibration_vJ|2[29]              59.0      5897.5787     3.21176    9.334E+02       3       0     131
Rovibration_vJ|2[30]              61.0      6010.1699     3.20839    9.344E+02       3       0     132
Rovibration_vJ|1[45]              91.0      6060.4976     3.20688    9.348E+02       2       0     133
Rovibration_vJ|0[56]             113.0      6074.5296     3.20646    9.350E+02       1       0     134
Rovibration_vJ|2[31]              63.0      6126.4679     3.20490    9.354E+02       3       0     135
Rovibration_vJ|1[46]              93.0      6233.3838     3.20170    9.364E+02       2       0     136
Rovibration_vJ|2[32]              65.0      6246.4683     3.20130    9.365E+02       3       0     137
Rovibration_vJ|0[57]             115.0      6289.1839     3.20002    9.368E+02       1       0     138
Rovibration_vJ|3[0]                1.0      6350.4391     3.19819    9.374E+02       4       0     139
Rovibration_vJ|3[1]                3.0      6354.1791     3.19808    9.374E+02       4       0     140
Rovibration_vJ|3[2]                5.0      6361.6590     3.19785    9.375E+02       4       0     141
Rovibration_vJ|2[33]              67.0      6370.1664     3.19760    9.376E+02       3       0     142
Rovibration_vJ|3[3]                7.0      6372.8785     3.19752    9.376E+02       4       0     143
Rovibration_vJ|3[4]                9.0      6387.8371     3.19707    9.377E+02       4       0     144
Rovibration_vJ|3[5]               11.0      6406.5342     3.19651    9.379E+02       4       0     145
Rovibration_vJ|1[47]              95.0      6409.9220     3.19640    9.379E+02       2       0     146
Rovibration_vJ|3[6]               13.0      6428.9692     3.19583    9.381E+02       4       0     147
Rovibration_vJ|3[7]               15.0      6455.1411     3.19505    9.383E+02       4       0     148
Rovibration_vJ|3[8]               17.0      6485.0490     3.19415    9.386E+02       4       0     149
Rovibration_vJ|2[34]              69.0      6497.5573     3.19378    9.387E+02       3       0     150
Rovibration_vJ|0[58]             117.0      6507.4423     3.19348    9.388E+02       1       0     151
Rovibration_vJ|3[9]               19.0      6518.6915     3.19314    9.389E+02       4       0     152
Rovibration_vJ|3[10]              21.0      6556.0675     3.19202    9.392E+02       4       0     153
Rovibration_vJ|1[48]              97.0      6590.1055     3.19100    9.395E+02       2       0     154
Rovibration_vJ|3[11]              23.0      6597.1754     3.19079    9.396E+02       4       0     155
Rovibration_vJ|2[35]              71.0      6628.6360     3.18985    9.398E+02       3       0     156
Rovibration_vJ|3[12]              25.0      6642.0137     3.18945    9.400E+02       4       0     157
Rovibration_vJ|3[13]              27.0      6690.5805     3.18799    9.404E+02       4       0     158
Rovibration_vJ|0[59]             119.0      6729.2962     3.18683    9.407E+02       1       0     159
Rovibration_vJ|3[14]              29.0      6742.8739     3.18642    9.408E+02       4       0     160
Rovibration_vJ|2[36]              73.0      6763.3975     3.18581    9.410E+02       3       0     161
Rovibration_vJ|1[49]              99.0      6773.9271     3.18549    9.411E+02       2       0     162
Rovibration_vJ|3[15]              31.0      6798.8920     3.18474    9.413E+02       4       0     163
Rovibration_vJ|3[16]              33.0      6858.6325     3.18295    9.419E+02       4       0     164
Rovibration_vJ|2[37]              75.0      6901.8365     3.18166    9.423E+02       3       0     165
Rovibration_vJ|3[17]              35.0      6922.0930     3.18105    9.424E+02       4       0     166
Rovibration_vJ|0[60]             121.0      6954.7373     3.18007    9.427E+02       1       0     167
Rovibration_vJ|1[50]             101.0      6961.3798     3.17987    9.428E+02       2       0     168
Rovibration_vJ|3[18]              37.0      6989.2711     3.17904    9.430E+02       4       0     169
Rovibration_vJ|2[38]              77.0      7043.9475     3.17740    9.435E+02       3       0     170
Rovibration_vJ|3[19]              39.0      7060.1642     3.17691    9.437E+02       4       0     171
Rovibration_vJ|3[20]              41.0      7134.7693     3.17467    9.443E+02       4       0     172
Rovibration_vJ|1[51]             103.0      7152.4563     3.17414    9.445E+02       2       0     173
Rovibration_vJ|0[61]             123.0      7183.7568     3.17321    9.448E+02       1       0     174
Rovibration_vJ|2[39]              79.0      7189.7251     3.17303    9.448E+02       3       0     175
Rovibration_vJ|3[21]              43.0      7213.0837     3.17233    9.450E+02       4       0     176
Rovibration_vJ|3[22]              45.0      7295.1041     3.16987    9.458E+02       4       0     177
Rovibration_vJ|2[40]              81.0      7339.1636     3.16855    9.462E+02       3       0     178
Rovibration_vJ|1[52]             105.0      7347.1492     3.16831    9.462E+02       2       0     179
Rovibration_vJ|3[23]              47.0      7380.8275     3.16730    9.465E+02       4       0     180
Rovibration_vJ|0[62]             125.0      7416.3459     3.16623    9.468E+02       1       0     181
Rovibration_vJ|3[24]              49.0      7470.2504     3.16462    9.473E+02       4       0     182
Rovibration_vJ|2[41]              83.0      7492.2570     3.16396    9.475E+02       3       0     183
Rovibration_vJ|1[53]             107.0      7545.4509     3.16236    9.480E+02       2       0     184
Rovibration_vJ|3[25]              51.0      7563.3694     3.16183    9.482E+02       4       0     185
Rovibration_vJ|2[42]              85.0      7648.9995     3.15926    9.489E+02       3       0     186
Rovibration_vJ|0[63]             127.0      7652.4957     3.15915    9.490E+02       1       0     187
Rovibration_vJ|3[26]              53.0      7660.1806     3.15892    9.490E+02       4       0     188
Rovibration_vJ|1[54]             109.0      7747.3539     3.15631    9.498E+02       2       0     189
Rovibration_vJ|3[27]              55.0      7760.6805     3.15591    9.499E+02       4       0     190
Rovibration_vJ|2[43]              87.0      7809.3849     3.15445    9.504E+02       3       0     191
Rovibration_vJ|3[28]              57.0      7864.8649     3.15279    9.509E+02       4       0     192
Rovibration_vJ|0[64]             129.0      7892.1971     3.15197    9.511E+02       1       0     193
Rovibration_vJ|1[55]             111.0      7952.8501     3.15015    9.517E+02       2       0     194
Rovibration_vJ|3[29]              59.0      7972.7298     3.14955    9.519E+02       4       0     195
Rovibration_vJ|2[44]              89.0      7973.4069     3.14953    9.519E+02       3       0     196
Rovibration_vJ|3[30]              61.0      8084.2709     3.14621    9.529E+02       4       0     197
Rovibration_vJ|0[65]             131.0      8135.4407     3.14467    9.533E+02       1       0     198
Rovibration_vJ|2[45]              91.0      8141.0592     3.14451    9.534E+02       3       0     199
Rovibration_vJ|1[56]             113.0      8161.9318     3.14388    9.536E+02       2       0     200
Rovibration_vJ|3[31]              63.0      8199.4839     3.14275    9.539E+02       4       0     201
Rovibration_vJ|2[46]              93.0      8312.3352     3.13937    9.549E+02       3       0     202
Rovibration_vJ|3[32]              65.0      8318.3642     3.13919    9.550E+02       4       0     203
Rovibration_vJ|1[57]             115.0      8374.5906     3.13751    9.555E+02       2       0     204
Rovibration_vJ|0[66]             133.0      8382.2174     3.13728    9.556E+02       1       0     205
Rovibration_vJ|4[0]                1.0      8414.4693     3.13631    9.559E+02       5       0     206
Rovibration_vJ|4[1]                3.0      8418.1743     3.13620    9.559E+02       5       0     207
Rovibration_vJ|4[2]                5.0      8425.5842     3.13598    9.560E+02       5       0     208
Rovibration_vJ|4[3]                7.0      8436.6987     3.13564    9.561E+02       5       0     209
Rovibration_vJ|3[33]              67.0      8440.9072     3.13552    9.561E+02       4       0     210
Rovibration_vJ|4[4]                9.0      8451.5173     3.13520    9.562E+02       5       0     211
Rovibration_vJ|4[5]               11.0      8470.0395     3.13464    9.564E+02       5       0     212
Rovibration_vJ|2[47]              95.0      8487.2282     3.13413    9.565E+02       3       0     213
Rovibration_vJ|4[6]               13.0      8492.2645     3.13398    9.566E+02       5       0     214
Rovibration_vJ|4[7]               15.0      8518.1914     3.13320    9.568E+02       5       0     215
Rovibration_vJ|4[8]               17.0      8547.8193     3.13231    9.571E+02       5       0     216
Rovibration_vJ|3[34]              69.0      8567.1080     3.13173    9.573E+02       4       0     217
Rovibration_vJ|4[9]               19.0      8581.1468     3.13131    9.574E+02       5       0     218
Rovibration_vJ|1[58]             117.0      8590.8185     3.13102    9.575E+02       2       0     219
Rovibration_vJ|4[10]              21.0      8618.1728     3.13020    9.577E+02       5       0     220
Rovibration_vJ|0[67]             135.0      8632.5175     3.12977    9.579E+02       1       0     221
Rovibration_vJ|4[11]              23.0      8658.8958     3.12898    9.581E+02       5       0     222
Rovibration_vJ|2[48]              97.0      8665.7313     3.12878    9.582E+02       3       0     223
Rovibration_vJ|3[35]              71.0      8696.9616     3.12784    9.585E+02       4       0     224
Rovibration_vJ|4[12]              25.0      8703.3140     3.12765    9.585E+02       5       0     225
Rovibration_vJ|4[13]              27.0      8751.4258     3.12621    9.590E+02       5       0     226
Rovibration_vJ|4[14]              29.0      8803.2293     3.12465    9.594E+02       5       0     227
Rovibration_vJ|1[59]             119.0      8810.6070     3.12443    9.595E+02       2       0     228
Rovibration_vJ|3[36]              73.0      8830.4630     3.12384    9.597E+02       4       0     229
Rovibration_vJ|2[49]              99.0      8847.8376     3.12332    9.599E+02       3       0     230
Rovibration_vJ|4[15]              31.0      8858.7224     3.12299    9.600E+02       5       0     231
Rovibration_vJ|0[68]             137.0      8886.3314     3.12216    9.602E+02       1       0     232
Rovibration_vJ|4[16]              33.0      8917.9029     3.12122    9.605E+02       5       0     233
Rovibration_vJ|3[37]              75.0      8967.6068     3.11973    9.610E+02       4       0     234
Rovibration_vJ|4[17]              35.0      8980.7685     3.11933    9.611E+02       5       0     235
Rovibration_vJ|2[50]             101.0      9033.5399     3.11775    9.616E+02       3       0     236
Rovibration_vJ|1[60]             121.0      9033.9475     3.11774    9.616E+02       2       0     237
Rovibration_vJ|4[18]              37.0      9047.3166     3.11734    9.617E+02       5       0     238
Rovibration_vJ|3[38]              77.0      9108.3878     3.11551    9.623E+02       4       0     239
Rovibration_vJ|4[19]              39.0      9117.5446     3.11523    9.623E+02       5       0     240
Rovibration_vJ|0[69]             139.0      9143.6493     3.11445    9.626E+02       1       0     241
Rovibration_vJ|4[20]              41.0      9191.4498     3.11302    9.630E+02       5       0     242
Rovibration_vJ|2[51]             103.0      9222.8311     3.11208    9.633E+02       3       0     243
Rovibration_vJ|3[39]              79.0      9252.8002     3.11118    9.636E+02       4       0     244
Rovibration_vJ|1[61]             123.0      9260.8315     3.11094    9.637E+02       2       0     245
Rovibration_vJ|4[21]              43.0      9269.0292     3.11069    9.637E+02       5       0     246
Rovibration_vJ|4[22]              45.0      9350.2797     3.10825    9.645E+02       5       0     247
Rovibration_vJ|3[40]              81.0      9400.8385     3.10674    9.650E+02       4       0     248
Rovibration_vJ|0[70]             141.0      9404.4613     3.10663    9.650E+02       1       0     249
Rovibration_vJ|2[52]             105.0      9415.7036     3.10629    9.651E+02       3       0     250
Rovibration_vJ|4[23]              47.0      9435.1981     3.10571    9.653E+02       5       0     251
Rovibration_vJ|1[62]             125.0      9491.2500     3.10403    9.658E+02       2       0     252
Rovibration_vJ|4[24]              49.0      9523.7810     3.10305    9.661E+02       5       0     253
Rovibration_vJ|3[41]              83.0      9552.4967     3.10219    9.664E+02       4       0     254
Rovibration_vJ|2[53]             107.0      9612.1499     3.10040    9.669E+02       3       0     255
Rovibration_vJ|4[25]              51.0      9616.0249     3.10029    9.670E+02       5       0     256
Rovibration_vJ|0[71]             143.0      9668.7573     3.09871    9.675E+02       1       0     257
Rovibration_vJ|3[42]              85.0      9707.7690     3.09754    9.678E+02       4       0     258
Rovibration_vJ|4[26]              53.0      9711.9262     3.09741    9.679E+02       5       0     259
Rovibration_vJ|1[63]             127.0      9725.1941     3.09701    9.680E+02       2       0     260
Rovibration_vJ|4[27]              55.0      9811.4810     3.09443    9.688E+02       5       0     261
Rovibration_vJ|2[54]             109.0      9812.1624     3.09441    9.688E+02       3       0     262
Rovibration_vJ|3[43]              87.0      9866.6492     3.09277    9.693E+02       4       0     263
Rovibration_vJ|4[28]              57.0      9914.6854     3.09133    9.698E+02       5       0     264
Rovibration_vJ|0[72]             145.0      9936.5271     3.09068    9.700E+02       1       0     265
Rovibration_vJ|1[64]             129.0      9962.6547     3.08990    9.702E+02       2       0     266
Rovibration_vJ|2[55]             111.0     10015.7332     3.08830    9.707E+02       3       0     267
Rovibration_vJ|4[29]              59.0     10021.5353     3.08813    9.708E+02       5       0     268
Rovibration_vJ|3[44]              89.0     10029.1311     3.08790    9.709E+02       4       0     269
Rovibration_vJ|4[30]              61.0     10132.0265     3.08482    9.718E+02       5       0     270
Rovibration_vJ|3[45]              91.0     10195.2081     3.08292    9.724E+02       4       0     271
Rovibration_vJ|1[65]             131.0     10203.6226     3.08267    9.725E+02       2       0     272
Rovibration_vJ|0[73]             147.0     10207.7604     3.08255    9.725E+02       1       0     273
Rovibration_vJ|2[56]             113.0     10222.8543     3.08210    9.727E+02       3       0     274
Rovibration_vJ|4[31]              63.0     10246.1544     3.08140    9.729E+02       5       0     275
Rovibration_vJ|4[32]              65.0     10363.9147     3.07787    9.740E+02       5       0     276
Rovibration_vJ|3[46]              93.0     10364.8738     3.07784    9.740E+02       4       0     277
Rovibration_vJ|2[57]             115.0     10433.5176     3.07578    9.747E+02       3       0     278
Rovibration_vJ|1[66]             133.0     10448.0885     3.07534    9.748E+02       2       0     279
Rovibration_vJ|5[0]                1.0     10452.2222     3.07522    9.749E+02       6       0     280
Rovibration_vJ|5[1]                3.0     10455.8922     3.07511    9.749E+02       6       0     281
Rovibration_vJ|5[2]                5.0     10463.2321     3.07489    9.750E+02       6       0     282
Rovibration_vJ|5[3]                7.0     10474.2416     3.07456    9.751E+02       6       0     283
Rovibration_vJ|0[74]             149.0     10482.4467     3.07431    9.752E+02       1       0     284
Rovibration_vJ|4[33]              67.0     10485.3027     3.07423    9.752E+02       5       0     285
Rovibration_vJ|5[4]                9.0     10488.9202     3.07412    9.752E+02       6       0     286
Rovibration_vJ|5[5]               11.0     10507.2674     3.07357    9.754E+02       6       0     287
Rovibration_vJ|5[6]               13.0     10529.2825     3.07291    9.756E+02       6       0     288
Rovibration_vJ|3[47]              95.0     10538.1215     3.07264    9.757E+02       4       0     289
Rovibration_vJ|5[7]               15.0     10554.9644     3.07214    9.758E+02       6       0     290
Rovibration_vJ|5[8]               17.0     10584.3123     3.07126    9.761E+02       6       0     291
Rovibration_vJ|4[34]              69.0     10610.3134     3.07048    9.764E+02       5       0     292
Rovibration_vJ|5[9]               19.0     10617.3249     3.07027    9.764E+02       6       0     293
Rovibration_vJ|2[58]             117.0     10647.7149     3.06936    9.767E+02       3       0     294
Rovibration_vJ|5[10]              21.0     10654.0010     3.06917    9.768E+02       6       0     295
Rovibration_vJ|5[11]              23.0     10694.3389     3.06796    9.772E+02       6       0     296
Rovibration_vJ|1[67]             135.0     10696.0427     3.06791    9.772E+02       2       0     297
Rovibration_vJ|3[48]              97.0     10714.9443     3.06734    9.774E+02       4       0     298
Rovibration_vJ|5[12]              25.0     10738.3373     3.06664    9.776E+02       6       0     299
Rovibration_vJ|4[35]              71.0     10738.9420     3.06662    9.776E+02       5       0     300
Rovibration_vJ|0[75]             151.0     10760.5754     3.06597    9.778E+02       1       0     301
Rovibration_vJ|5[13]              27.0     10785.9941     3.06521    9.780E+02       6       0     302
Rovibration_vJ|5[14]              29.0     10837.3077     3.06367    9.785E+02       6       0     303
Rovibration_vJ|2[59]             119.0     10865.4377     3.06283    9.788E+02       3       0     304
Rovibration_vJ|4[36]              73.0     10871.1833     3.06266    9.789E+02       5       0     305
Rovibration_vJ|5[15]              31.0     10892.2759     3.06203    9.791E+02       6       0     306
Rovibration_vJ|3[49]              99.0     10895.3352     3.06193    9.791E+02       4       0     307
Rovibration_vJ|1[68]             137.0     10947.4756     3.06037    9.796E+02       2       0     308
Rovibration_vJ|5[16]              33.0     10950.8964     3.06027    9.796E+02       6       0     309
Rovibration_vJ|4[37]              75.0     11007.0321     3.05859    9.802E+02       5       0     310
Rovibration_vJ|5[17]              35.0     11013.1671     3.05840    9.802E+02       6       0     311
Rovibration_vJ|5[18]              37.0     11079.0852     3.05643    9.809E+02       6       0     312
Rovibration_vJ|3[50]             101.0     11079.2872     3.05642    9.809E+02       4       0     313
Rovibration_vJ|2[60]             121.0     11086.6776     3.05620    9.809E+02       3       0     314
Rovibration_vJ|4[38]              77.0     11146.4829     3.05441    9.815E+02       5       0     315
Rovibration_vJ|5[19]              39.0     11148.6484     3.05434    9.815E+02       6       0     316
Rovibration_vJ|1[69]             139.0     11202.3775     3.05273    9.820E+02       2       0     317
Rovibration_vJ|5[20]              41.0     11221.8536     3.05215    9.822E+02       6       0     318
Rovibration_vJ|3[51]             103.0     11266.7929     3.05080    9.827E+02       4       0     319
Rovibration_vJ|4[39]              79.0     11289.5302     3.05012    9.829E+02       5       0     320
Rovibration_vJ|5[21]              43.0     11298.6981     3.04984    9.830E+02       6       0     321
Rovibration_vJ|2[61]             123.0     11311.4258     3.04946    9.831E+02       3       0     322
Rovibration_vJ|5[22]              45.0     11379.1786     3.04743    9.838E+02       6       0     323
Rovibration_vJ|4[40]              81.0     11436.1684     3.04572    9.843E+02       5       0     324
Rovibration_vJ|3[52]             105.0     11457.8450     3.04507    9.845E+02       4       0     325
Rovibration_vJ|1[70]             141.0     11460.7384     3.04498    9.845E+02       2       0     326
Rovibration_vJ|5[23]              47.0     11463.2921     3.04491    9.846E+02       6       0     327
Rovibration_vJ|2[62]             125.0     11539.6735     3.04262    9.853E+02       3       0     328
Rovibration_vJ|5[24]              49.0     11551.0351     3.04228    9.854E+02       6       0     329
Rovibration_vJ|4[41]              83.0     11586.3915     3.04122    9.858E+02       5       0     330
Rovibration_vJ|5[25]              51.0     11642.4041     3.03954    9.863E+02       6       0     331
Rovibration_vJ|3[53]             107.0     11652.4359     3.03924    9.864E+02       4       0     332
Rovibration_vJ|1[71]             143.0     11722.5483     3.03714    9.871E+02       2       0     333
Rovibration_vJ|5[26]              53.0     11737.3955     3.03669    9.872E+02       6       0     334
Rovibration_vJ|4[42]              85.0     11740.1936     3.03661    9.873E+02       5       0     335
Rovibration_vJ|2[63]             127.0     11771.4118     3.03567    9.876E+02       3       0     336
Rovibration_vJ|5[27]              55.0     11836.0053     3.03373    9.882E+02       6       0     337
Rovibration_vJ|3[54]             109.0     11850.5578     3.03330    9.883E+02       4       0     338
Rovibration_vJ|4[43]              87.0     11897.5686     3.03189    9.888E+02       5       0     339
Rovibration_vJ|5[28]              57.0     11938.2298     3.03067    9.892E+02       6       0     340
Rovibration_vJ|1[72]             145.0     11987.7968     3.02918    9.897E+02       2       0     341
Rovibration_vJ|2[64]             129.0     12006.6315     3.02862    9.899E+02       3       0     342
Rovibration_vJ|5[29]              59.0     12044.0648     3.02750    9.902E+02       6       0     343
Rovibration_vJ|3[55]             111.0     12052.2031     3.02725    9.903E+02       4       0     344
Rovibration_vJ|4[44]              89.0     12058.5102     3.02706    9.904E+02       5       0     345
Rovibration_vJ|5[30]              61.0     12153.5059     3.02422    9.913E+02       6       0     346
Rovibration_vJ|4[45]              91.0     12223.0121     3.02213    9.920E+02       5       0     347
Rovibration_vJ|2[65]             131.0     12245.3234     3.02146    9.922E+02       3       0     348
Rovibration_vJ|1[73]             147.0     12256.4738     3.02113    9.923E+02       2       0     349
Rovibration_vJ|3[56]             113.0     12257.3636     3.02110    9.923E+02       4       0     350
Rovibration_vJ|5[31]              63.0     12266.5490     3.02083    9.924E+02       6       0     351
Rovibration_vJ|5[32]              65.0     12383.1893     3.01733    9.936E+02       6       0     352
Rovibration_vJ|4[46]              93.0     12391.0675     3.01709    9.936E+02       5       0     353
Rovibration_vJ|6[0]                1.0     12463.7686     3.01491    9.944E+02       7       0     354
Rovibration_vJ|3[57]             115.0     12466.0312     3.01485    9.944E+02       4       0     355
Rovibration_vJ|6[1]                3.0     12467.4037     3.01481    9.944E+02       7       0     356
Rovibration_vJ|6[2]                5.0     12474.6736     3.01459    9.945E+02       7       0     357
Rovibration_vJ|6[3]                7.0     12485.5781     3.01426    9.946E+02       7       0     358
Rovibration_vJ|2[66]             133.0     12487.4781     3.01420    9.946E+02       3       0     359
Rovibration_vJ|6[4]                9.0     12500.1168     3.01382    9.947E+02       7       0     360
Rovibration_vJ|5[33]              67.0     12503.4223     3.01373    9.948E+02       6       0     361
Rovibration_vJ|6[5]               11.0     12518.2890     3.01328    9.949E+02       7       0     362
Rovibration_vJ|1[74]             149.0     12528.5687     3.01297    9.950E+02       2       0     363
Rovibration_vJ|6[6]               13.0     12540.0941     3.01263    9.951E+02       7       0     364
Rovibration_vJ|4[47]              95.0     12562.6699     3.01195    9.953E+02       5       0     365
Rovibration_vJ|6[7]               15.0     12565.5311     3.01186    9.954E+02       7       0     366
Rovibration_vJ|6[8]               17.0     12594.5991     3.01099    9.957E+02       7       0     367
Rovibration_vJ|5[34]              69.0     12627.2430     3.01001    9.960E+02       6       0     368
Rovibration_vJ|6[9]               19.0     12627.2968     3.01001    9.960E+02       7       0     369
Rovibration_vJ|6[10]              21.0     12663.6229     3.00892    9.963E+02       7       0     370
Rovibration_vJ|3[58]             117.0     12678.1978     3.00849    9.965E+02       4       0     371
Rovibration_vJ|6[11]              23.0     12703.5760     3.00772    9.967E+02       7       0     372
Rovibration_vJ|2[67]             135.0     12733.0862     3.00684    9.970E+02       3       0     373
Rovibration_vJ|4[48]              97.0     12737.8124     3.00670    9.971E+02       5       0     374
Rovibration_vJ|6[12]              25.0     12747.1544     3.00642    9.972E+02       7       0     375
Rovibration_vJ|5[35]              71.0     12754.6466     3.00619    9.972E+02       6       0     376
Rovibration_vJ|6[13]              27.0     12794.3564     3.00500    9.976E+02       7       0     377
Rovibration_vJ|1[75]             151.0     12804.0708     3.00471    9.977E+02       2       0     378
Rovibration_vJ|6[14]              29.0     12845.1800     3.00348    9.982E+02       7       0     379
Rovibration_vJ|5[36]              73.0     12885.6279     3.00227    9.986E+02       6       0     380
Rovibration_vJ|3[59]             119.0     12893.8548     3.00202    9.986E+02       4       0     381
Rovibration_vJ|6[15]              31.0     12899.6233     3.00185    9.987E+02       7       0     382
Rovibration_vJ|4[49]              99.0     12916.4880     3.00134    9.989E+02       5       0     383
Rovibration_vJ|6[16]              33.0     12957.6840     3.00011    9.993E+02       7       0     384
Rovibration_vJ|2[68]             137.0     12982.1379     2.99937    9.995E+02       3       0     385
Rovibration_vJ|6[17]              35.0     13019.3598     2.99826    9.999E+02       7       0     386
Rovibration_vJ|5[37]              75.0     13020.1816     2.99823    9.999E+02       6       0     387
Rovibration_vJ|6[18]              37.0     13084.6481     2.99630    1.001E+03       7       0     388
Rovibration_vJ|4[50]             101.0     13098.6895     2.99588    1.001E+03       5       0     389
Rovibration_vJ|3[60]             121.0     13112.9939     2.99545    1.001E+03       4       0     390
Rovibration_vJ|6[19]              39.0     13153.5463     2.99424    1.001E+03       7       0     391
Rovibration_vJ|5[38]              77.0     13158.3024     2.99409    1.001E+03       6       0     392
Rovibration_vJ|6[20]              41.0     13226.0517     2.99206    1.002E+03       7       0     393
Rovibration_vJ|2[69]             139.0     13234.6235     2.99180    1.002E+03       3       0     394
Rovibration_vJ|4[51]             103.0     13284.4098     2.99031    1.003E+03       5       0     395
Rovibration_vJ|5[39]              79.0     13299.9847     2.98984    1.003E+03       6       0     396
Rovibration_vJ|6[21]              43.0     13302.1613     2.98978    1.003E+03       7       0     397
Rovibration_vJ|3[61]             123.0     13335.6062     2.98878    1.003E+03       4       0     398
Rovibration_vJ|6[22]              45.0     13381.8721     2.98739    1.004E+03       7       0     399
Rovibration_vJ|5[40]              81.0     13445.2228     2.98549    1.004E+03       6       0     400
Rovibration_vJ|6[23]              47.0     13465.1807     2.98489    1.004E+03       7       0     401
Rovibration_vJ|4[52]             105.0     13473.6414     2.98464    1.004E+03       5       0     402
Rovibration_vJ|2[70]             141.0     13490.5330     2.98413    1.005E+03       3       0     403
Rovibration_vJ|6[24]              49.0     13552.0838     2.98229    1.005E+03       7       0     404
Rovibration_vJ|3[62]             125.0     13561.6829     2.98200    1.005E+03       4       0     405
Rovibration_vJ|5[41]              83.0     13594.0108     2.98103    1.006E+03       6       0     406
Rovibration_vJ|6[25]              51.0     13642.5780     2.97957    1.006E+03       7       0     407
Rovibration_vJ|4[53]             107.0     13666.3768     2.97886    1.006E+03       5       0     408
Rovibration_vJ|6[26]              53.0     13736.6595     2.97675    1.007E+03       7       0     409
Rovibration_vJ|5[42]              85.0     13746.3428     2.97646    1.007E+03       6       0     410
Rovibration_vJ|2[71]             143.0     13749.8563     2.97636    1.007E+03       3       0     411
Rovibration_vJ|3[63]             127.0     13791.2151     2.97512    1.008E+03       4       0     412
Rovibration_vJ|6[27]              55.0     13834.3245     2.97383    1.008E+03       7       0     413
Rovibration_vJ|4[54]             109.0     13862.6082     2.97298    1.008E+03       5       0     414
Rovibration_vJ|5[43]              87.0     13902.2127     2.97179    1.009E+03       6       0     415
Rovibration_vJ|6[28]              57.0     13935.5691     2.97079    1.009E+03       7       0     416
Rovibration_vJ|2[72]             145.0     14012.5833     2.96848    1.010E+03       3       0     417
Rovibration_vJ|3[64]             129.0     14024.1937     2.96813    1.010E+03       4       0     418
Rovibration_vJ|6[29]              59.0     14040.3892     2.96765    1.010E+03       7       0     419
Rovibration_vJ|5[44]              89.0     14061.6142     2.96701    1.010E+03       6       0     420
Rovibration_vJ|4[55]             111.0     14062.3277     2.96699    1.010E+03       5       0     421
Rovibration_vJ|6[30]              61.0     14148.7805     2.96440    1.011E+03       7       0     422
Rovibration_vJ|5[45]              91.0     14224.5408     2.96213    1.012E+03       6       0     423
Rovibration_vJ|3[65]             131.0     14260.6094     2.96105    1.012E+03       4       0     424
Rovibration_vJ|6[31]              63.0     14260.7387     2.96104    1.012E+03       7       0     425
Rovibration_vJ|4[56]             113.0     14265.5276     2.96090    1.013E+03       5       0     426
Rovibration_vJ|2[73]             147.0     14278.7035     2.96050    1.013E+03       3       0     427
Rovibration_vJ|6[32]              65.0     14376.2591     2.95758    1.014E+03       7       0     428
Rovibration_vJ|5[46]              93.0     14390.9860     2.95714    1.014E+03       6       0     429
Rovibration_vJ|7[0]                1.0     14449.1813     2.95539    1.014E+03       8       0     430
Rovibration_vJ|7[1]                3.0     14452.7814     2.95528    1.014E+03       8       0     431
Rovibration_vJ|7[2]                5.0     14459.9813     2.95507    1.015E+03       8       0     432
Rovibration_vJ|7[3]                7.0     14470.7809     2.95475    1.015E+03       8       0     433
Rovibration_vJ|4[57]             115.0     14472.1995     2.95470    1.015E+03       5       0     434
Rovibration_vJ|7[4]                9.0     14485.1796     2.95431    1.015E+03       8       0     435
Rovibration_vJ|6[33]              67.0     14495.3372     2.95401    1.015E+03       7       0     436
Rovibration_vJ|3[66]             133.0     14500.4529     2.95386    1.015E+03       4       0     437
Rovibration_vJ|7[5]               11.0     14503.1769     2.95377    1.015E+03       8       0     438
Rovibration_vJ|7[6]               13.0     14524.7721     2.95313    1.015E+03       8       0     439
Rovibration_vJ|2[74]             149.0     14548.2065     2.95242    1.015E+03       3       0     440
Rovibration_vJ|7[7]               15.0     14549.9642     2.95237    1.015E+03       8       0     441
Rovibration_vJ|5[47]              95.0     14560.9431     2.95204    1.016E+03       6       0     442
Rovibration_vJ|7[8]               17.0     14578.7522     2.95151    1.016E+03       8       0     443
Rovibration_vJ|7[9]               19.0     14611.1350     2.95054    1.016E+03       8       0     444
Rovibration_vJ|6[34]              69.0     14617.9681     2.95033    1.016E+03       7       0     445
Rovibration_vJ|7[10]              21.0     14647.1113     2.94946    1.016E+03       8       0     446
Rovibration_vJ|4[58]             117.0     14682.3352     2.94840    1.017E+03       5       0     447
Rovibration_vJ|7[11]              23.0     14686.6795     2.94827    1.017E+03       8       0     448
Rovibration_vJ|7[12]              25.0     14729.8381     2.94698    1.017E+03       8       0     449
Rovibration_vJ|5[48]              97.0     14734.4053     2.94684    1.017E+03       6       0     450
Rovibration_vJ|3[67]             135.0     14743.7146     2.94656    1.017E+03       4       0     451
Rovibration_vJ|6[35]              71.0     14744.1467     2.94655    1.017E+03       7       0     452
Rovibration_vJ|7[13]              27.0     14776.5852     2.94558    1.018E+03       8       0     453
Rovibration_vJ|2[75]             151.0     14821.0817     2.94424    1.018E+03       3       0     454
Rovibration_vJ|7[14]              29.0     14826.9191     2.94407    1.018E+03       8       0     455
Rovibration_vJ|6[36]              73.0     14873.8681     2.94266    1.019E+03       7       0     456
Rovibration_vJ|7[15]              31.0     14880.8375     2.94245    1.019E+03       8       0     457
Rovibration_vJ|4[59]             119.0     14895.9264     2.94200    1.019E+03       5       0     458
Rovibration_vJ|5[49]              99.0     14911.3655     2.94154    1.019E+03       6       0     459
Rovibration_vJ|7[16]              33.0     14938.3384     2.94073    1.019E+03       8       0     460
Rovibration_vJ|3[68]             137.0     14990.3848     2.93917    1.020E+03       4       0     461
Rovibration_vJ|7[17]              35.0     14999.4194     2.93890    1.020E+03       8       0     462
Rovibration_vJ|6[37]              75.0     15007.1269     2.93867    1.020E+03       7       0     463
Rovibration_vJ|7[18]              37.0     15064.0779     2.93696    1.021E+03       8       0     464
Rovibration_vJ|5[50]             101.0     15091.8167     2.93613    1.021E+03       6       0     465
Rovibration_vJ|4[60]             121.0     15112.9645     2.93549    1.021E+03       5       0     466
Rovibration_vJ|7[19]              39.0     15132.3114     2.93491    1.021E+03       8       0     467
Rovibration_vJ|6[38]              77.0     15143.9177     2.93457    1.022E+03       7       0     468
Rovibration_vJ|7[20]              41.0     15204.1170     2.93276    1.022E+03       8       0     469
Rovibration_vJ|3[69]             139.0     15240.4538     2.93167    1.023E+03       4       0     470
Rovibration_vJ|5[51]             103.0     15275.7515     2.93061    1.023E+03       6       0     471
Rovibration_vJ|7[21]              43.0     15279.4918     2.93050    1.023E+03       8       0     472
Rovibration_vJ|6[39]              79.0     15284.2350     2.93036    1.023E+03       7       0     473
Rovibration_vJ|4[61]             123.0     15333.4408     2.92888    1.024E+03       5       0     474
Rovibration_vJ|7[22]              45.0     15358.4327     2.92813    1.024E+03       8       0     475
Rovibration_vJ|6[40]              81.0     15428.0731     2.92605    1.025E+03       7       0     476
Rovibration_vJ|7[23]              47.0     15440.9366     2.92566    1.025E+03       8       0     477
Rovibration_vJ|5[52]             105.0     15463.1626     2.92499    1.025E+03       6       0     478
Rovibration_vJ|3[70]             141.0     15493.9116     2.92407    1.025E+03       4       0     479
Rovibration_vJ|7[24]              49.0     15527.0000     2.92308    1.026E+03       8       0     480
Rovibration_vJ|4[62]             125.0     15557.3464     2.92217    1.026E+03       5       0     481
Rovibration_vJ|6[41]              83.0     15575.4261     2.92163    1.026E+03       7       0     482
Rovibration_vJ|7[25]              51.0     15616.6194     2.92039    1.027E+03       8       0     483
Rovibration_vJ|5[53]             107.0     15654.0424     2.91927    1.027E+03       6       0     484
Rovibration_vJ|7[26]              53.0     15709.7911     2.91760    1.028E+03       8       0     485
Rovibration_vJ|6[42]              85.0     15726.2881     2.91711    1.028E+03       7       0     486
Rovibration_vJ|3[71]             143.0     15750.7481     2.91637    1.028E+03       4       0     487
Rovibration_vJ|4[63]             127.0     15784.6724     2.91536    1.028E+03       5       0     488
Rovibration_vJ|7[27]              55.0     15806.5114     2.91470    1.029E+03       8       0     489
Rovibration_vJ|5[54]             109.0     15848.3832     2.91345    1.029E+03       6       0     490
Rovibration_vJ|6[43]              87.0     15880.6528     2.91248    1.029E+03       7       0     491
Rovibration_vJ|7[28]              57.0     15906.7762     2.91170    1.030E+03       8       0     492
Rovibration_vJ|7[29]              59.0     16010.5815     2.90858    1.031E+03       8       0     493
Rovibration_vJ|3[72]             145.0     16010.9531     2.90857    1.031E+03       4       0     494
Rovibration_vJ|4[64]             129.0     16015.4097     2.90844    1.031E+03       5       0     495
Rovibration_vJ|6[44]              89.0     16038.5142     2.90775    1.031E+03       7       0     496
Rovibration_vJ|5[55]             111.0     16046.1772     2.90752    1.031E+03       6       0     497
Rovibration_vJ|7[30]              61.0     16117.9231     2.90536    1.032E+03       8       0     498
Rovibration_vJ|6[45]              91.0     16199.8656     2.90291    1.033E+03       7       0     499
Rovibration_vJ|7[31]              63.0     16228.7965     2.90204    1.033E+03       8       0     500
Rovibration_vJ|5[56]             113.0     16247.4162     2.90148    1.033E+03       6       0     501
Rovibration_vJ|4[65]             131.0     16249.5490     2.90142    1.033E+03       5       0     502
Rovibration_vJ|3[73]             147.0     16274.5162     2.90067    1.034E+03       4       0     503
Rovibration_vJ|7[32]              65.0     16343.1971     2.89861    1.034E+03       8       0     504
Rovibration_vJ|6[46]              93.0     16364.7007     2.89797    1.034E+03       7       0     505
Rovibration_vJ|8[0]                1.0     16408.5346     2.89665    1.035E+03       9       0     506
Rovibration_vJ|8[1]                3.0     16412.0997     2.89655    1.035E+03       9       0     507
Rovibration_vJ|8[2]                5.0     16419.2297     2.89633    1.035E+03       9       0     508
Rovibration_vJ|8[3]                7.0     16429.9243     2.89601    1.035E+03       9       0     509
Rovibration_vJ|8[4]                9.0     16444.1831     2.89558    1.035E+03       9       0     510
Rovibration_vJ|5[57]             115.0     16452.0924     2.89535    1.035E+03       6       0     511
Rovibration_vJ|7[33]              67.0     16461.1204     2.89508    1.036E+03       8       0     512
Rovibration_vJ|8[5]               11.0     16462.0055     2.89505    1.036E+03       9       0     513
Rovibration_vJ|8[6]               13.0     16483.3907     2.89441    1.036E+03       9       0     514
Rovibration_vJ|4[66]             133.0     16487.0810     2.89430    1.036E+03       5       0     515
Rovibration_vJ|8[7]               15.0     16508.3380     2.89366    1.036E+03       9       0     516
Rovibration_vJ|6[47]              95.0     16533.0125     2.89292    1.036E+03       7       0     517
Rovibration_vJ|8[8]               17.0     16536.8462     2.89281    1.036E+03       9       0     518
Rovibration_vJ|3[74]             149.0     16541.4270     2.89267    1.036E+03       4       0     519
Rovibration_vJ|8[9]               19.0     16568.9141     2.89184    1.037E+03       9       0     520
Rovibration_vJ|7[34]              69.0     16582.5615     2.89144    1.037E+03       8       0     521
Rovibration_vJ|8[10]              21.0     16604.5405     2.89078    1.037E+03       9       0     522
Rovibration_vJ|8[11]              23.0     16643.7239     2.88960    1.037E+03       9       0     523
Rovibration_vJ|5[58]             117.0     16660.1972     2.88911    1.038E+03       6       0     524
Rovibration_vJ|8[12]              25.0     16686.4627     2.88832    1.038E+03       9       0     525
Rovibration_vJ|6[48]              97.0     16704.7944     2.88777    1.038E+03       7       0     526
Rovibration_vJ|7[35]              71.0     16707.5153     2.88769    1.038E+03       8       0     527
Rovibration_vJ|4[67]             135.0     16727.9961     2.88708    1.038E+03       5       0     528
Rovibration_vJ|8[13]              27.0     16732.7551     2.88693    1.038E+03       9       0     529
Rovibration_vJ|8[14]              29.0     16782.5992     2.88544    1.039E+03       9       0     530
Rovibration_vJ|3[75]             151.0     16811.6747     2.88457    1.039E+03       4       0     531
Rovibration_vJ|7[36]              73.0     16835.9768     2.88384    1.040E+03       8       0     532
Rovibration_vJ|8[15]              31.0     16835.9929     2.88384    1.040E+03       9       0     533
Rovibration_vJ|5[59]             119.0     16871.7225     2.88277    1.040E+03       6       0     534
Rovibration_vJ|6[49]              99.0     16880.0394     2.88252    1.040E+03       7       0     535
Rovibration_vJ|8[16]              33.0     16892.9340     2.88213    1.040E+03       9       0     536
Rovibration_vJ|8[17]              35.0     16953.4202     2.88032    1.041E+03       9       0     537
Rovibration_vJ|7[37]              75.0     16967.9408     2.87988    1.041E+03       8       0     538
Rovibration_vJ|4[68]             137.0     16972.2846     2.87975    1.041E+03       5       0     539
Rovibration_vJ|8[18]              37.0     17017.4491     2.87840    1.042E+03       9       0     540
Rovibration_vJ|6[50]             101.0     17058.7402     2.87716    1.042E+03       7       0     541
Rovibration_vJ|8[19]              39.0     17085.0178     2.87637    1.042E+03       9       0     542
Rovibration_vJ|5[60]             121.0     17086.6595     2.87632    1.042E+03       6       0     543
Rovibration_vJ|7[38]              77.0     17103.4017     2.87582    1.042E+03       8       0     544
Rovibration_vJ|8[20]              41.0     17156.1237     2.87424    1.043E+03       9       0     545
Rovibration_vJ|4[69]             139.0     17219.9367     2.87233    1.044E+03       5       0     546
Rovibration_vJ|8[21]              43.0     17230.7639     2.87200    1.044E+03       9       0     547
Rovibration_vJ|6[51]             103.0     17240.8896     2.87170    1.044E+03       7       0     548
Rovibration_vJ|7[39]              79.0     17242.3542     2.87166    1.044E+03       8       0     549
Rovibration_vJ|5[61]             123.0     17304.9996     2.86978    1.045E+03       6       0     550
Rovibration_vJ|8[22]              45.0     17308.9351     2.86966    1.045E+03       9       0     551
Rovibration_vJ|7[40]              81.0     17384.7923     2.86739    1.046E+03       8       0     552
Rovibration_vJ|8[23]              47.0     17390.6343     2.86721    1.046E+03       9       0     553
Rovibration_vJ|6[52]             105.0     17426.4802     2.86614    1.046E+03       7       0     554
Rovibration_vJ|4[70]             141.0     17470.9425     2.86480    1.046E+03       5       0     555
Rovibration_vJ|8[24]              49.0     17475.8580     2.86465    1.047E+03       9       0     556
Rovibration_vJ|5[62]             125.0     17526.7340     2.86313    1.047E+03       6       0     557
Rovibration_vJ|7[41]              83.0     17530.7104     2.86301    1.047E+03       8       0     558
Rovibration_vJ|8[25]              51.0     17564.6028     2.86199    1.047E+03       9       0     559
Rovibration_vJ|6[53]             107.0     17615.5045     2.86047    1.048E+03       7       0     560
Rovibration_vJ|8[26]              53.0     17656.8648     2.85923    1.049E+03       9       0     561
Rovibration_vJ|7[42]              85.0     17680.1024     2.85853    1.049E+03       8       0     562
Rovibration_vJ|4[71]             143.0     17725.2919     2.85718    1.049E+03       5       0     563
Rovibration_vJ|5[63]             127.0     17751.8537     2.85638    1.050E+03       6       0     564
Rovibration_vJ|8[27]              55.0     17752.6405     2.85636    1.050E+03       9       0     565
Rovibration_vJ|6[54]             109.0     17807.9547     2.85470    1.050E+03       7       0     566
Rovibration_vJ|7[43]              87.0     17832.9621     2.85395    1.050E+03       8       0     567
Rovibration_vJ|8[28]              57.0     17851.9256     2.85338    1.051E+03       9       0     568
Rovibration_vJ|8[29]              59.0     17954.7163     2.85030    1.052E+03       9       0     569
Rovibration_vJ|5[64]             129.0     17980.3496     2.84953    1.052E+03       6       0     570
Rovibration_vJ|4[72]             145.0     17982.9746     2.84945    1.052E+03       5       0     571
Rovibration_vJ|7[44]              89.0     17989.2834     2.84926    1.052E+03       8       0     572
Rovibration_vJ|6[55]             111.0     18003.8229     2.84883    1.052E+03       7       0     573
Rovibration_vJ|8[30]              61.0     18061.0082     2.84711    1.053E+03       9       0     574
Rovibration_vJ|7[45]              91.0     18149.0598     2.84447    1.054E+03       8       0     575
Rovibration_vJ|8[31]              63.0     18170.7969     2.84382    1.054E+03       9       0     576
Rovibration_vJ|6[56]             113.0     18203.1013     2.84285    1.055E+03       7       0     577
Rovibration_vJ|5[65]             131.0     18212.2124     2.84258    1.055E+03       6       0     578
Rovibration_vJ|4[73]             147.0     18243.9804     2.84163    1.055E+03       5       0     579
Rovibration_vJ|8[32]              65.0     18284.0779     2.84043    1.055E+03       9       0     580
Rovibration_vJ|7[46]              93.0     18312.2847     2.83958    1.056E+03       8       0     581
Rovibration_vJ|9[0]                1.0     18341.9044     2.83869    1.056E+03      10       0     582
Rovibration_vJ|9[1]                3.0     18345.4345     2.83859    1.056E+03      10       0     583
Rovibration_vJ|9[2]                5.0     18352.4945     2.83837    1.056E+03      10       0     584
Rovibration_vJ|9[3]                7.0     18363.0842     2.83806    1.056E+03      10       0     585
Rovibration_vJ|9[4]                9.0     18377.2031     2.83763    1.056E+03      10       0     586
Rovibration_vJ|9[5]               11.0     18394.8506     2.83710    1.057E+03      10       0     587
Rovibration_vJ|8[33]              67.0     18400.8465     2.83692    1.057E+03       9       0     588
Rovibration_vJ|6[57]             115.0     18405.7815     2.83678    1.057E+03       7       0     589
Rovibration_vJ|9[6]               13.0     18416.0260     2.83647    1.057E+03      10       0     590
Rovibration_vJ|9[7]               15.0     18440.7284     2.83573    1.057E+03      10       0     591
Rovibration_vJ|5[66]             133.0     18447.4327     2.83553    1.057E+03       6       0     592
Rovibration_vJ|9[8]               17.0     18468.9568     2.83488    1.058E+03      10       0     593
Rovibration_vJ|7[47]              95.0     18478.9514     2.83458    1.058E+03       8       0     594
Rovibration_vJ|9[9]               19.0     18500.7100     2.83393    1.058E+03      10       0     595
Rovibration_vJ|4[74]             149.0     18508.2985     2.83370    1.058E+03       5       0     596
Rovibration_vJ|8[34]              69.0     18521.0978     2.83332    1.058E+03       9       0     597
Rovibration_vJ|9[10]              21.0     18535.9866     2.83287    1.058E+03      10       0     598
Rovibration_vJ|9[11]              23.0     18574.7853     2.83171    1.059E+03      10       0     599
Rovibration_vJ|6[58]             117.0     18611.8555     2.83060    1.059E+03       7       0     600
Rovibration_vJ|9[12]              25.0     18617.1043     2.83044    1.059E+03      10       0     601
Rovibration_vJ|8[35]              71.0     18644.8270     2.82961    1.059E+03       9       0     602
Rovibration_vJ|7[48]              97.0     18649.0531     2.82948    1.060E+03       8       0     603
Rovibration_vJ|9[13]              27.0     18662.9420     2.82907    1.060E+03      10       0     604
Rovibration_vJ|5[67]             135.0     18686.0009     2.82838    1.060E+03       6       0     605
Rovibration_vJ|9[14]              29.0     18712.2963     2.82759    1.060E+03      10       0     606
Rovibration_vJ|9[15]              31.0     18765.1654     2.82600    1.061E+03      10       0     607
Rovibration_vJ|8[36]              73.0     18772.0288     2.82580    1.061E+03       9       0     608
Rovibration_vJ|4[75]             151.0     18775.9186     2.82568    1.061E+03       5       0     609
Rovibration_vJ|6[59]             119.0     18821.3147     2.82432    1.061E+03       7       0     610
Rovibration_vJ|9[16]              33.0     18821.5468     2.82431    1.061E+03      10       0     611
Rovibration_vJ|7[49]              99.0     18822.5828     2.82428    1.061E+03       8       0     612
Rovibration_vJ|9[17]              35.0     18881.4384     2.82252    1.062E+03      10       0     613
Rovibration_vJ|8[37]              75.0     18902.6980     2.82188    1.062E+03       9       0     614
Rovibration_vJ|5[68]             137.0     18927.9075     2.82112    1.063E+03       6       0     615
Rovibration_vJ|9[18]              37.0     18944.8376     2.82062    1.063E+03      10       0     616
Rovibration_vJ|7[50]             101.0     18999.5333     2.81898    1.063E+03       8       0     617
Rovibration_vJ|9[19]              39.0     19011.7418     2.81861    1.064E+03      10       0     618
Rovibration_vJ|6[60]             121.0     19034.1506     2.81794    1.064E+03       7       0     619
Rovibration_vJ|8[38]              77.0     19036.8292     2.81786    1.064E+03       9       0     620
Rovibration_vJ|9[20]              41.0     19082.1481     2.81650    1.064E+03      10       0     621
Rovibration_vJ|9[21]              43.0     19156.0536     2.81428    1.065E+03      10       0     622
Rovibration_vJ|5[69]             139.0     19173.1426     2.81377    1.065E+03       6       0     623
Rovibration_vJ|8[39]              79.0     19174.4168     2.81373    1.065E+03       9       0     624
Rovibration_vJ|7[51]             103.0     19179.8973     2.81357    1.066E+03       8       0     625
Rovibration_vJ|9[22]              45.0     19233.4553     2.81196    1.066E+03      10       0     626
Rovibration_vJ|6[61]             123.0     19250.3546     2.81146    1.066E+03       7       0     627
Rovibration_vJ|9[23]              47.0     19314.3499     2.80954    1.067E+03      10       0     628
Rovibration_vJ|8[40]              81.0     19315.4552     2.80950    1.067E+03       9       0     629
Rovibration_vJ|7[52]             105.0     19363.6675     2.80806    1.068E+03       8       0     630
Rovibration_vJ|9[24]              49.0     19398.7341     2.80701    1.068E+03      10       0     631
Rovibration_vJ|5[70]             141.0     19421.6962     2.80632    1.068E+03       6       0     632
Rovibration_vJ|8[41]              83.0     19459.9384     2.80517    1.069E+03       9       0     633
Rovibration_vJ|6[62]             125.0     19469.9177     2.80487    1.069E+03       7       0     634
Rovibration_vJ|9[25]              51.0     19486.6043     2.80437    1.069E+03      10       0     635
Rovibration_vJ|7[53]             107.0     19550.8363     2.80245    1.070E+03       8       0     636
Rovibration_vJ|9[26]              53.0     19577.9568     2.80164    1.070E+03      10       0     637
Rovibration_vJ|8[42]              85.0     19607.8605     2.80074    1.070E+03       9       0     638
Rovibration_vJ|9[27]              55.0     19672.7879     2.79879    1.071E+03      10       0     639
Rovibration_vJ|5[71]             143.0     19673.5582     2.79877    1.071E+03       6       0     640
Rovibration_vJ|6[63]             127.0     19692.8309     2.79819    1.071E+03       7       0     641
Rovibration_vJ|7[54]             109.0     19741.3958     2.79674    1.072E+03       8       0     642
Rovibration_vJ|8[43]              87.0     19759.2154     2.79620    1.072E+03       9       0     643
Rovibration_vJ|9[28]              57.0     19771.0935     2.79585    1.072E+03      10       0     644
Rovibration_vJ|9[29]              59.0     19872.8696     2.79279    1.073E+03      10       0     645
Rovibration_vJ|8[44]              89.0     19913.9967     2.79156    1.074E+03       9       0     646
Rovibration_vJ|6[64]             129.0     19919.0852     2.79141    1.074E+03       7       0     647
Rovibration_vJ|5[72]             145.0     19928.7184     2.79112    1.074E+03       6       0     648
Rovibration_vJ|7[55]             111.0     19935.3384     2.79092    1.074E+03       8       0     649
Rovibration_vJ|9[30]              61.0     19978.1120     2.78964    1.075E+03      10       0     650
Rovibration_vJ|8[45]              91.0     20072.1981     2.78682    1.076E+03       9       0     651
Rovibration_vJ|9[31]              63.0     20086.8162     2.78638    1.076E+03      10       0     652
Rovibration_vJ|7[56]             113.0     20132.6560     2.78501    1.076E+03       8       0     653
Rovibration_vJ|6[65]             131.0     20148.6713     2.78453    1.077E+03       7       0     654
Rovibration_vJ|5[73]             147.0     20187.1664     2.78337    1.077E+03       6       0     655
Rovibration_vJ|9[32]              65.0     20198.9776     2.78302    1.077E+03      10       0     656
Rovibration_vJ|8[46]              93.0     20233.8130     2.78197    1.078E+03       9       0     657
Rovibration_vJ|10[0]               1.0     20249.3682     2.78151    1.078E+03      11       0     658
Rovibration_vJ|10[1]               3.0     20252.8634     2.78140    1.078E+03      11       0     659
Rovibration_vJ|10[2]               5.0     20259.8534     2.78119    1.078E+03      11       0     660
Rovibration_vJ|10[3]               7.0     20270.3382     2.78088    1.078E+03      11       0     661
Rovibration_vJ|10[4]               9.0     20284.3172     2.78046    1.078E+03      11       0     662
Rovibration_vJ|10[5]              11.0     20301.7899     2.77994    1.078E+03      11       0     663
Rovibration_vJ|9[33]              67.0     20314.5916     2.77955    1.079E+03      10       0     664
Rovibration_vJ|10[6]              13.0     20322.7555     2.77931    1.079E+03      11       0     665
Rovibration_vJ|7[57]             115.0     20333.3405     2.77899    1.079E+03       8       0     666
Rovibration_vJ|10[7]              15.0     20347.2131     2.77857    1.079E+03      11       0     667
Rovibration_vJ|10[8]              17.0     20375.1617     2.77774    1.079E+03      11       0     668
Rovibration_vJ|6[66]             133.0     20381.5798     2.77754    1.079E+03       7       0     669
Rovibration_vJ|8[47]              95.0     20398.8346     2.77703    1.080E+03       9       0     670
Rovibration_vJ|10[9]              19.0     20406.6001     2.77679    1.080E+03      11       0     671
Rovibration_vJ|9[34]              69.0     20433.6534     2.77598    1.080E+03      10       0     672
Rovibration_vJ|10[10]             21.0     20441.5270     2.77575    1.080E+03      11       0     673
Rovibration_vJ|5[74]             149.0     20448.8917     2.77553    1.080E+03       6       0     674
Rovibration_vJ|10[11]             23.0     20479.9410     2.77459    1.080E+03      11       0     675
Rovibration_vJ|10[12]             25.0     20521.8403     2.77334    1.081E+03      11       0     676
Rovibration_vJ|7[58]             117.0     20537.3835     2.77287    1.081E+03       8       0     677
Rovibration_vJ|9[35]              71.0     20556.1580     2.77231    1.081E+03      10       0     678
Rovibration_vJ|10[13]             27.0     20567.2234     2.77198    1.082E+03      11       0     679
Rovibration_vJ|8[48]              97.0     20567.2562     2.77198    1.082E+03       9       0     680
Rovibration_vJ|10[14]             29.0     20616.0881     2.77051    1.082E+03      11       0     681
Rovibration_vJ|6[67]             135.0     20617.8012     2.77046    1.082E+03       7       0     682
Rovibration_vJ|10[15]             31.0     20668.4326     2.76894    1.083E+03      11       0     683
Rovibration_vJ|9[36]              73.0     20682.1002     2.76853    1.083E+03      10       0     684
Rovibration_vJ|5[75]             151.0     20713.8836     2.76758    1.083E+03       6       0     685
Rovibration_vJ|10[16]             33.0     20724.2545     2.76727    1.083E+03      11       0     686
Rovibration_vJ|8[49]              99.0     20739.0707     2.76683    1.084E+03       9       0     687
Rovibration_vJ|7[59]             119.0     20744.7767     2.76665    1.084E+03       8       0     688
Rovibration_vJ|10[17]             35.0     20783.5515     2.76549    1.084E+03      11       0     689
Rovibration_vJ|9[37]              75.0     20811.4748     2.76466    1.084E+03      10       0     690
Rovibration_vJ|10[18]             37.0     20846.3211     2.76361    1.085E+03      11       0     691
Rovibration_vJ|6[68]             137.0     20857.3256     2.76328    1.085E+03       7       0     692
Rovibration_vJ|10[19]             39.0     20912.5608     2.76162    1.086E+03      11       0     693
Rovibration_vJ|8[50]             101.0     20914.2709     2.76157    1.086E+03       9       0     694
Rovibration_vJ|9[38]              77.0     20944.2763     2.76067    1.086E+03      10       0     695
Rovibration_vJ|7[60]             121.0     20955.5115     2.76034    1.086E+03       8       0     696
Rovibration_vJ|10[20]             41.0     20982.2676     2.75953    1.086E+03      11       0     697
Rovibration_vJ|10[21]             43.0     21055.4387     2.75734    1.087E+03      11       0     698
Rovibration_vJ|9[39]              79.0     21080.4993     2.75659    1.088E+03      10       0     699
Rovibration_vJ|8[51]             103.0     21092.8497     2.75622    1.088E+03       9       0     700
Rovibration_vJ|6[69]             139.0     21100.1434     2.75600    1.088E+03       7       0     701
Rovibration_vJ|10[22]             45.0     21132.0709     2.75504    1.088E+03      11       0     702
Rovibration_vJ|7[61]             123.0     21169.5791     2.75392    1.089E+03       8       0     703
Rovibration_vJ|10[23]             47.0     21212.1611     2.75264    1.089E+03      11       0     704
Rovibration_vJ|9[40]              81.0     21220.1380     2.75240    1.089E+03      10       0     705
Rovibration_vJ|8[52]             105.0     21274.7995     2.75077    1.090E+03       9       0     706
Rovibration_vJ|10[24]             49.0     21295.7058     2.75014    1.090E+03      11       0     707
Rovibration_vJ|6[70]             141.0     21346.2446     2.74862    1.091E+03       7       0     708
Rovibration_vJ|9[41]              83.0     21363.1865     2.74812    1.091E+03      10       0     709
Rovibration_vJ|10[25]             51.0     21382.7015     2.74753    1.091E+03      11       0     710
Rovibration_vJ|7[62]             125.0     21386.9708     2.74740    1.091E+03       8       0     711
Rovibration_vJ|8[53]             107.0     21460.1127     2.74521    1.092E+03       9       0     712
Rovibration_vJ|10[26]             53.0     21473.1446     2.74482    1.092E+03      11       0     713
Rovibration_vJ|9[42]              85.0     21509.6389     2.74372    1.093E+03      10       0     714
Rovibration_vJ|10[27]             55.0     21567.0313     2.74200    1.093E+03      11       0     715
Rovibration_vJ|6[71]             143.0     21595.6190     2.74115    1.094E+03       7       0     716
Rovibration_vJ|7[63]             127.0     21607.6776     2.74079    1.094E+03       8       0     717
Rovibration_vJ|8[54]             109.0     21648.7818     2.73955    1.094E+03       9       0     718
Rovibration_vJ|9[43]              87.0     21659.4889     2.73923    1.094E+03      10       0     719
Rovibration_vJ|10[28]             57.0     21664.3575     2.73909    1.094E+03      11       0     720
Rovibration_vJ|10[29]             59.0     21765.1193     2.73607    1.096E+03      11       0     721
Rovibration_vJ|9[44]              89.0     21812.7305     2.73464    1.096E+03      10       0     722
Rovibration_vJ|7[64]             129.0     21831.6903     2.73407    1.097E+03       8       0     723
Rovibration_vJ|8[55]             111.0     21840.7987     2.73380    1.097E+03       9       0     724
Rovibration_vJ|6[72]             145.0     21848.2564     2.73357    1.097E+03       7       0     725
Rovibration_vJ|10[30]             61.0     21869.3122     2.73294    1.097E+03      11       0     726
Rovibration_vJ|9[45]              91.0     21969.3570     2.72994    1.098E+03      10       0     727
Rovibration_vJ|10[31]             63.0     21976.9319     2.72972    1.098E+03      11       0     728
Rovibration_vJ|8[56]             113.0     22036.1556     2.72794    1.099E+03       9       0     729
Rovibration_vJ|7[65]             131.0     22058.9996     2.72726    1.099E+03       8       0     730
Rovibration_vJ|10[32]             65.0     22087.9740     2.72639    1.100E+03      11       0     731
Rovibration_vJ|6[73]             147.0     22104.1465     2.72590    1.100E+03       7       0     732
Rovibration_vJ|9[46]              93.0     22129.3620     2.72515    1.100E+03      10       0     733
Rovibration_vJ|10[33]             67.0     22202.4336     2.72296    1.101E+03      11       0     734
Rovibration_vJ|8[57]             115.0     22234.8442     2.72198    1.101E+03       9       0     735
Rovibration_vJ|7[66]             133.0     22289.5962     2.72034    1.102E+03       8       0     736
Rovibration_vJ|9[47]              95.0     22292.7386     2.72025    1.102E+03      10       0     737
Rovibration_vJ|10[34]             69.0     22320.3060     2.71942    1.102E+03      11       0     738
Rovibration_vJ|6[74]             149.0     22363.2786     2.71813    1.103E+03       7       0     739
Rovibration_vJ|8[58]             117.0     22436.8563     2.71593    1.104E+03       9       0     740
Rovibration_vJ|10[35]             71.0     22441.5861     2.71579    1.104E+03      11       0     741
Rovibration_vJ|9[48]              97.0     22459.4802     2.71525    1.104E+03      10       0     742
Rovibration_vJ|7[67]             135.0     22523.4705     2.71333    1.105E+03       8       0     743
Rovibration_vJ|10[36]             73.0     22566.2688     2.71205    1.105E+03      11       0     744
Rovibration_vJ|6[75]             151.0     22625.6421     2.71027    1.106E+03       7       0     745
Rovibration_vJ|9[49]              99.0     22629.5796     2.71015    1.106E+03      10       0     746
Rovibration_vJ|8[59]             119.0     22642.1835     2.70977    1.106E+03       9       0     747
Rovibration_vJ|10[37]             75.0     22694.3490     2.70821    1.107E+03      11       0     748
Rovibration_vJ|7[68]             137.0     22760.6127     2.70622    1.108E+03       8       0     749
Rovibration_vJ|9[50]             101.0     22803.0297     2.70495    1.108E+03      10       0     750
Rovibration_vJ|10[38]             77.0     22825.8210     2.70427    1.109E+03      11       0     751
Rovibration_vJ|8[60]             121.0     22850.8171     2.70352    1.109E+03       9       0     752
Rovibration_vJ|10[39]             79.0     22960.6795     2.70022    1.110E+03      11       0     753
Rovibration_vJ|9[51]             103.0     22979.8232     2.69965    1.110E+03      10       0     754
Rovibration_vJ|7[69]             139.0     23001.0131     2.69901    1.111E+03       8       0     755
Rovibration_vJ|8[61]             123.0     23062.7485     2.69716    1.112E+03       9       0     756
Rovibration_vJ|10[40]             81.0     23098.9186     2.69608    1.112E+03      11       0     757
Rovibration_vJ|9[52]             105.0     23159.9527     2.69425    1.113E+03      10       0     758
Rovibration_vJ|10[41]             83.0     23240.5326     2.69183    1.114E+03      11       0     759
Rovibration_vJ|7[70]             141.0     23244.6616     2.69171    1.114E+03       8       0     760
Rovibration_vJ|8[62]             125.0     23277.9689     2.69071    1.114E+03       9       0     761
Rovibration_vJ|9[53]             107.0     23343.4106     2.68875    1.115E+03      10       0     762
Rovibration_vJ|10[42]             85.0     23385.5153     2.68749    1.116E+03      11       0     763
Rovibration_vJ|7[71]             143.0     23491.5483     2.68431    1.117E+03       8       0     764
Rovibration_vJ|8[63]             127.0     23496.4691     2.68416    1.117E+03       9       0     765
Rovibration_vJ|9[54]             109.0     23530.1891     2.68315    1.117E+03      10       0     766
Rovibration_vJ|10[43]             87.0     23533.8608     2.68304    1.117E+03      11       0     767
Rovibration_vJ|10[44]             89.0     23685.5626     2.67849    1.119E+03      11       0     768
Rovibration_vJ|8[64]             129.0     23718.2401     2.67751    1.120E+03       9       0     769
Rovibration_vJ|9[55]             111.0     23720.2805     2.67745    1.120E+03      10       0     770
Rovibration_vJ|7[72]             145.0     23741.6627     2.67681    1.120E+03       8       0     771
Rovibration_vJ|10[45]             91.0     23840.6144     2.67384    1.121E+03      11       0     772
Rovibration_vJ|9[56]             113.0     23913.6767     2.67165    1.122E+03      10       0     773
Rovibration_vJ|8[65]             131.0     23943.2726     2.67077    1.122E+03       9       0     774
Rovibration_vJ|7[73]             147.0     23994.9945     2.66922    1.123E+03       8       0     775
Rovibration_vJ|10[46]             93.0     23999.0096     2.66909    1.123E+03      11       0     776
Rovibration_vJ|9[57]             115.0     24110.3696     2.66576    1.125E+03      10       0     777
Rovibration_vJ|10[47]             95.0     24160.7414     2.66425    1.125E+03      11       0     778
Rovibration_vJ|8[66]             133.0     24171.5571     2.66392    1.125E+03       9       0     779
Rovibration_vJ|7[74]             149.0     24251.5332     2.66152    1.126E+03       8       0     780
Rovibration_vJ|9[58]             117.0     24310.3508     2.65976    1.127E+03      10       0     781
Rovibration_vJ|10[48]             97.0     24325.8030     2.65930    1.127E+03      11       0     782
Rovibration_vJ|8[67]             135.0     24403.0842     2.65698    1.128E+03       9       0     783
Rovibration_vJ|10[49]             99.0     24494.1875     2.65425    1.129E+03      11       0     784
Rovibration_vJ|7[75]             151.0     24511.2681     2.65374    1.130E+03       8       0     785
Rovibration_vJ|9[59]             119.0     24513.6120     2.65367    1.130E+03      10       0     786
Rovibration_vJ|8[68]             137.0     24637.8441     2.64994    1.131E+03       9       0     787
Rovibration_vJ|10[50]            101.0     24665.8875     2.64910    1.132E+03      11       0     788
Rovibration_vJ|9[60]             121.0     24720.1445     2.64748    1.132E+03      10       0     789
Rovibration_vJ|10[51]            103.0     24840.8959     2.64386    1.134E+03      11       0     790
Rovibration_vJ|8[69]             139.0     24875.8270     2.64281    1.134E+03       9       0     791
Rovibration_vJ|9[61]             123.0     24929.9396     2.64119    1.135E+03      10       0     792
Rovibration_vJ|10[52]            105.0     25019.2052     2.63851    1.136E+03      11       0     793
Rovibration_vJ|8[70]             141.0     25117.0228     2.63558    1.137E+03       9       0     794
Rovibration_vJ|9[62]             125.0     25142.9885     2.63480    1.138E+03      10       0     795
Rovibration_vJ|10[53]            107.0     25200.8078     2.63307    1.139E+03      11       0     796
Rovibration_vJ|9[63]             127.0     25359.2822     2.62831    1.141E+03      10       0     797
Rovibration_vJ|8[71]             143.0     25361.4215     2.62825    1.141E+03       9       0     798
Rovibration_vJ|10[54]            109.0     25385.6960     2.62752    1.141E+03      11       0     799
Rovibration_vJ|10[55]            111.0     25573.8619     2.62188    1.143E+03      11       0     800
Rovibration_vJ|9[64]             129.0     25578.8115     2.62173    1.143E+03      10       0     801
Rovibration_vJ|8[72]             145.0     25609.0127     2.62083    1.144E+03       9       0     802
Rovibration_vJ|10[56]            113.0     25765.2975     2.61614    1.146E+03      11       0     803
Rovibration_vJ|9[65]             131.0     25801.5671     2.61506    1.146E+03      10       0     804
Rovibration_vJ|8[73]             147.0     25859.7861     2.61331    1.147E+03       9       0     805
Rovibration_vJ|10[57]            115.0     25959.9947     2.61031    1.148E+03      11       0     806
Rovibration_vJ|9[66]             133.0     26027.5396     2.60828    1.149E+03      10       0     807
Rovibration_vJ|8[74]             149.0     26113.7312     2.60570    1.151E+03       9       0     808
Rovibration_vJ|10[58]            117.0     26157.9451     2.60437    1.151E+03      11       0     809
Rovibration_vJ|9[67]             135.0     26256.7195     2.60141    1.152E+03      10       0     810
Rovibration_vJ|10[59]            119.0     26359.1403     2.59834    1.154E+03      11       0     811
Rovibration_vJ|8[75]             151.0     26370.8372     2.59799    1.154E+03       9       0     812
Rovibration_vJ|9[68]             137.0     26489.0969     2.59444    1.156E+03      10       0     813
Rovibration_vJ|10[60]            121.0     26563.5717     2.59221    1.157E+03      11       0     814
Rovibration_vJ|9[69]             139.0     26724.6621     2.58738    1.159E+03      10       0     815
Rovibration_vJ|10[61]            123.0     26771.2306     2.58599    1.159E+03      11       0     816
Rovibration_vJ|9[70]             141.0     26963.4051     2.58022    1.162E+03      10       0     817
Rovibration_vJ|10[62]            125.0     26982.1082     2.57966    1.162E+03      11       0     818
Rovibration_vJ|10[63]            127.0     27196.1953     2.57325    1.165E+03      11       0     819
Rovibration_vJ|9[71]             143.0     27205.3157     2.57297    1.165E+03      10       0     820
Rovibration_vJ|10[64]            129.0     27413.4829     2.56673    1.168E+03      11       0     821
Rovibration_vJ|9[72]             145.0     27450.3836     2.56562    1.168E+03      10       0     822
Rovibration_vJ|10[65]            131.0     27633.9616     2.56012    1.171E+03      11       0     823
Rovibration_vJ|9[73]             147.0     27698.5985     2.55818    1.172E+03      10       0     824
Rovibration_vJ|10[66]            133.0     27857.6220     2.55342    1.174E+03      11       0     825
Rovibration_vJ|9[74]             149.0     27949.9497     2.55065    1.175E+03      10       0     826
Rovibration_vJ|10[67]            135.0     28084.4546     2.54662    1.177E+03      11       0     827
Rovibration_vJ|9[75]             151.0     28204.4266     2.54302    1.179E+03      10       0     828
Rovibration_vJ|10[68]            137.0     28314.4495     2.53972    1.180E+03      11       0     829
Rovibration_vJ|10[69]            139.0     28547.5970     2.53273    1.184E+03      11       0     830
Rovibration_vJ|10[70]            141.0     28783.8870     2.52565    1.187E+03      11       0     831
Rovibration_vJ|10[71]            143.0     29023.3094     2.51847    1.190E+03      11       0     832
Rovibration_vJ|10[72]            145.0     29265.8539     2.51120    1.194E+03      11       0     833
Rovibration_vJ|10[73]            147.0     29511.5101     2.50383    1.197E+03      11       0     834
Rovibration_vJ|10[74]            149.0     29760.2673     2.49638    1.201E+03      11       0     835
Rovibration_vJ|10[75]            151.0     30012.1149     2.48883    1.205E+03      11       0     836
