46  !Number of points

1.000000000000000056e-01 0.000000000000000000e+00
1.000000000000000000e+00 0.000000000000000000e+00
5.000000000000000000e+00 0.000000000000000000e+00
1.000000000000000000e+01 0.000000000000000000e+00
1.400999999999999979e+01 0.000000000000000000e+00
1.450000000000000000e+01 2.730000000000000111e-18
1.500000000000000000e+01 5.100000000000000596e-18
1.550000000000000000e+01 7.700000000000000628e-18
1.600000000000000000e+01 1.059999999999999906e-17
1.650000000000000000e+01 1.389999999999999845e-17
1.700000000000000000e+01 1.769999999999999980e-17
1.750000000000000000e+01 2.140000000000000014e-17
1.800000000000000000e+01 2.540000000000000043e-17
1.850000000000000000e+01 2.970000000000000066e-17
1.900000000000000000e+01 3.399999999999999781e-17
1.950000000000000000e+01 3.859999999999999490e-17
2.000000000000000000e+01 4.280000000000000029e-17
2.050000000000000000e+01 4.720000000000000153e-17
2.100000000000000000e+01 5.160000000000000277e-17
2.150000000000000000e+01 5.599999999999999784e-17
2.200000000000000000e+01 6.000000000000000121e-17
2.250000000000000000e+01 6.430000000000000452e-17
2.300000000000000000e+01 6.839999999999999965e-17
2.350000000000000000e+01 7.239999999999999070e-17
2.400000000000000000e+01 7.660000000000000224e-17
2.800000000000000000e+01 1.090000000000000086e-16
3.000000000000000000e+01 1.209999999999999940e-16
3.200000000000000000e+01 1.379999999999999991e-16
3.500000000000000000e+01 1.539999999999999879e-16
4.000000000000000000e+01 1.790000000000000244e-16
5.000000000000000000e+01 2.130000000000000098e-16
6.000000000000000000e+01 2.350000000000000222e-16
7.000000000000000000e+01 2.520000000000000026e-16
8.000000000000000000e+01 2.580000000000000015e-16
9.000000000000000000e+01 2.629999999999999841e-16
1.000000000000000000e+02 2.650000000000000166e-16
1.250000000000000000e+02 2.589999999999999685e-16
1.500000000000000000e+02 2.499999999999999701e-16
2.000000000000000000e+02 2.289999999999999740e-16
2.500000000000000000e+02 2.080000000000000026e-16
3.000000000000000000e+02 1.889999999999999896e-16
4.000000000000000000e+02 1.609999999999999784e-16
5.000000000000000000e+02 1.390000000000000153e-16
7.000000000000000000e+02 1.110000000000000041e-16
1.000000000000000000e+03 8.630000000000000456e-17
1.001000000000000000e+03 9.161881325895882654e-17
